3.025876971115413760e-01
3.660749815957194953e-01
3.368395749858148491e-01
3.520589306807682672e-01
3.802209240583472871e-01
1.494538332823044102e-01
3.573085389589540362e-01
4.279817650914198301e-01
3.773568165664717977e-01
1.258848679403533066e-01
3.136189194806296987e-01
4.191210917053787011e-01
4.147711032105011464e-01
8.635389193875339653e-02
3.925481264848510454e-01
2.757551847430227410e-01
3.917267792842810126e-01
5.134970145863207991e-01
3.972368823404367477e-01
3.613467928811070484e-01
4.952233013566164077e-01
1.220106741964811781e-01
3.193717656009795181e-01
3.578434280737986528e-01
2.766649968143134464e-01
2.324544589255813087e-01
3.479216960964079952e-01
3.330187473183761626e-01
3.646362145727180537e-01
2.973218959658856519e-01
8.048711096049523950e-02
3.719303113292423690e-01
3.802547876061160848e-01
4.614910822174860261e-01
4.121078170193916979e-01
1.802162750892018495e-01
6.010933487646513695e-01
3.801807520916342664e-01
4.518498981835089578e-02
1.357886545703177461e-01
2.765731743885293525e-01
3.044132400048960019e-01
6.321877460883249533e-01
2.453586702185671653e-01
2.454078736703674823e-01
1.979464039288559851e-01
4.875427705929250011e-01
3.127441213877576454e-01
8.719490621647432715e-02
4.215111416987405990e-01
2.987211007788085348e-01
1.539762084380643381e-01
3.600502714614012278e-01
5.519609412114997449e-01
2.563692786234592624e-01
1.826543244342640482e-01
2.443212750190462135e-01
4.223396527416927171e-01
4.015088608169437023e-01
2.245650075788141464e-01
6.752051785043342025e-02
2.401626545274225255e-01
3.184677855122193257e-01
2.621567095499302558e-01
2.501053033257649161e-01
4.866798999752279808e-01
2.556393959646832692e-01
4.428729880505847816e-01
4.089220701989692563e-01
4.428942221583826999e-01
2.562128982713677838e-01
2.087903940261328917e-01
2.400058677042415656e-01
2.926330542684057456e-01
3.935977575271465412e-02
5.890069560556743244e-01
4.821091055217942567e-01
4.716632421274167264e-01
3.150870004916542233e-01
3.537615586378759502e-01
2.841785528060515320e-01
4.240817961959797988e-01
2.904813643825005509e-01
5.288037197446237014e-01
3.440904170913910431e-01
1.889343170898983293e-01
3.204984603258995146e-01
6.440085828313941718e-01
4.223711495018228623e-01
-1.255270242373984768e-03
3.747248977079232768e-01
2.587139364937037778e-01
3.818781762132341662e-01
1.404738810036599006e-01
9.589084519849280785e-02
3.143794673013642904e-01
4.114883892468576554e-01
3.303110281500085676e-01
4.014696718703449907e-01
2.317420036897947233e-01
2.968384344629491078e-01
2.178843826681594320e-01
3.959807370681227567e-01
1.964920440796999734e-01
4.408119779387318360e-01
3.725559847313403838e-01
2.899449303803581790e-01
4.003851127309183688e-01
1.780465367066270121e-01
2.957726040500245346e-01
1.651765205496547040e-01
5.195566995748435168e-01
2.762229375019206179e-01
2.107939869672146860e-01
2.198164065694781788e-01
1.913648534157283698e-01
2.997049733338387756e-01
2.919693203749335608e-01
3.597888089873798045e-01
2.164806236203268841e-01
2.480298308651223416e-01
3.041332953889105961e-01
4.455946306498910769e-01
1.603484081485912760e-01
2.502288357655661488e-01
2.998540062902175229e-01
2.100670117436720663e-01
1.916842445042015730e-01
4.941663150546721783e-01
5.270162146001786674e-01
-4.769775926391606191e-03
3.515515982424988750e-01
2.219009326875170662e-01
4.045963533600277495e-01
1.794610462056333011e-01
2.278140696595896408e-01
2.732548092195292155e-01
3.723365003082116376e-01
2.876376268832797067e-01
4.631399876869472521e-01
1.478551212990737718e-01
3.221954876557751035e-01
2.000637413582768698e-01
2.720113332586506227e-01
1.585253342585221381e-01
5.351754663149543845e-01
7.682019308790372092e-02
3.727713279832882143e-01
3.235010256373987980e-01
1.926649996733015291e-01
3.851369248647573129e-01
3.177002697728471547e-01
3.295653140761267696e-01
3.627509838248862417e-01
2.981048742955139108e-01
4.619727024565980500e-01
6.248583788394115324e-01
2.948069298968893359e-01
3.404037004753064366e-01
4.225739800824324655e-01
3.137420239254948284e-01
3.318156267432690321e-01
5.200342532837115561e-02
2.069018748936451990e-02
4.533166983242122861e-01
2.906441242200629715e-01
3.307626827409250181e-01
3.850967093398576235e-01
1.829340443488041701e-01
2.930525329853329031e-01
3.562373194876266580e-01
3.471030991671500976e-01
2.401694344564052619e-01
1.145304824486631234e-01
1.397093733951423611e-01
3.322861661933027011e-01
3.930877852306909892e-01
1.514777758235663074e-01
1.281753539564595146e-01
2.329407666613199368e-01
2.750721876064426419e-01
4.749089700373902989e-01
2.304139419853153958e-01
4.421009238353155180e-01
3.540394363290074731e-01
4.215242285444242287e-01
2.803992975136374577e-01
2.166522958859008474e-01
3.514910091307441586e-01
3.996587213676930928e-01
3.932962405964394170e-01
4.561860658319140116e-01
2.290341604519526009e-01
1.973687049302766117e-01
1.706539427042055579e-01
1.396554164497850747e-01
2.965746379589714321e-01
2.251841474989353942e-01
3.186444215939211455e-01
6.287386173916117427e-01
4.344177626783142232e-01
3.945780061157483920e-01
5.259762325614427692e-01
3.681361640032239646e-01
3.269832389398716344e-01
2.638299087886299965e-01
5.087126083784080377e-01
3.331069740959773928e-01
3.898950630190409772e-01
7.229797516743585728e-02
5.199843596912145927e-02
3.555958386072403110e-01
4.835745531661468366e-01
2.155830771773466215e-01
3.599444033208114568e-01
4.312496737187352935e-01
3.782055452231336545e-01
3.691512149672988019e-01
2.063691624519197743e-01
3.123730316547886354e-01
1.589426541067499032e-01
1.785575855202944651e-01
2.820241168752902206e-01
4.724853004803832857e-01
2.840001671360682933e-01
2.897532057580350373e-01
1.827696932495233850e-01
2.347655520162025833e-01
2.178380820598191381e-01
3.593418281917158952e-01
1.713384018731207714e-01
3.907104678110536189e-01
-1.197726554879439687e-01
3.230482888587598578e-01
5.367256145991390337e-01
1.505020523073042071e-01
2.500905211989874477e-01
2.013134961126492040e-01
2.515032709274963030e-01
4.100941788949677425e-01
4.115009048663785807e-01
4.811286630990191937e-01
4.529260519682958286e-01
3.230774451900960687e-01
2.289218977963575485e-01
2.649612281027942107e-01
2.078003474297873687e-01
4.729736955854494385e-01
3.920312123538965965e-02
3.913204927433979741e-01
2.608023294358420840e-01
3.494727599198858004e-01
3.560168289853998247e-01
3.829689425995352892e-02
3.191257233586382580e-01
3.961437921920403227e-01
3.582604225026866929e-01
2.759397177426274328e-01
2.325535959937076180e-01
6.376550935292430999e-01
1.542626473668898546e-01
4.041031532870889009e-01
3.227884886436163114e-01
3.953669102130670243e-01
2.296048822562194447e-01
3.456783295034885350e-01
4.136118088068287957e-01
5.751004000158171925e-02
3.597103477648825876e-01
1.060176853682727183e-01
4.139969496671178084e-01
2.830920461039064251e-01
2.274909570879473375e-01
4.380370968238176399e-01
4.306545896247680472e-01
2.693445411639872056e-01
4.044905734171265754e-01
2.857598133218950953e-01
2.939890845750610104e-01
3.920922692287235889e-01
2.060806474925164222e-01
3.208904389351813213e-01
3.278062860332112138e-01
3.408017101710780206e-01
1.672461048380766147e-01
3.385367006932907263e-01
1.689168995060925105e-01
4.908069605509356448e-01
2.657988538468523676e-01
2.860239745282076584e-01
4.352060447204508797e-01
-5.466601544459759321e-02
1.605062075360934315e-01
3.448275825744970824e-01
3.224728523424577054e-01
3.312762164504198248e-01
2.208739778597682557e-01
4.035737638059220256e-01
4.360567111325070466e-01
2.184052146196874544e-01
2.370360459248347929e-01
2.456991597336908861e-01
3.358477394270993344e-01
2.356755624534753457e-01
3.434290634117220797e-02
3.062368493992552732e-01
1.216942475237212107e-01
3.096952411452961740e-01
3.134666760382615047e-01
3.870127979864235179e-02
4.786990644682901919e-01
2.780450801109018433e-01
3.981724202974404325e-01
-5.379911620347677115e-03
4.285006285225285705e-01
2.244322516069383600e-01
4.474108266451083393e-01
1.289660879272702676e-01
2.121650351628094899e-01
8.688101713572990437e-02
4.872893141385579163e-01
1.906650077561337364e-01
1.661470137327014929e-01
2.085104408040581170e-01
2.686295943142388287e-01
1.327544845676312535e-01
2.396008581390796088e-01
4.172013617630680460e-01
2.152568666460277225e-01
2.196392352059934883e-01
3.240484158039869111e-01
3.681292005847127125e-01
4.097674693817715541e-01
3.391635030747133794e-01
2.235838075351772036e-01
2.356433927905834114e-01
1.881584099388626530e-01
3.322862874889573326e-01
1.225674212298142884e-01
2.955832575347454028e-01
2.674753460210794742e-01
1.849092559600265251e-01
1.239238230673224417e-01
2.713688944763855138e-01
2.356481294739341259e-01
5.019150502860783014e-01
2.878209847409225475e-01
1.489643504635456417e-01
3.870021482883738151e-01
3.005450648829228188e-01
2.013670118264192510e-01
4.402156766095724483e-01
4.280544699642377937e-01
4.227806568479184346e-01
3.869308314727739617e-01
3.508760694197544105e-01
2.014284518641416000e-01
2.804919910856503162e-01
5.251679653032389483e-01
4.463116587939162105e-01
1.552751351753690612e-01
4.759780962799738946e-01
4.788804388481431307e-01
1.999109030375208207e-01
2.366776686418518572e-01
4.865226521274391147e-01
2.398844786872811330e-01
3.134281871102726491e-01
3.373536170847797333e-01
1.219355718303913594e-01
5.743931912078514834e-01
2.173399260202902583e-01
4.167666172142258096e-01
3.754096977869923468e-01
1.890021905253394807e-01
3.668001722417222887e-01
3.382540287792469846e-01
2.779462334641831789e-01
3.070912632216257210e-01
3.373496335938211965e-01
-3.874370528136694691e-02
1.989749874931190099e-01
3.342962431385928523e-01
3.269882546280585833e-01
3.505734587834014038e-01
4.082045438327204234e-01
3.317065168397525521e-01
4.811040897083879164e-02
2.683840238882935214e-01
3.944918046199348827e-01
1.804029049677788599e-01
2.662853532433293036e-01
1.469740928732374829e-01
3.944011029663764822e-01
4.279272815048987266e-01
1.183808939685822847e-01
3.677904305658902251e-01
3.160135572522745906e-01
2.042192181233582760e-01
3.873404458651361626e-01
2.985071457988217603e-01
2.877133721478451478e-01
2.063480838409249563e-01
1.816173723862783140e-01
1.482146578018078142e-01
5.487232307316409763e-01
2.928154798020237148e-01
1.829322194613373365e-01
2.953074219792466981e-01
3.124529318792917398e-01
5.323786517612579816e-01
3.867291747460795959e-01
2.914744909024560293e-01
2.958737732531808717e-01
5.865543937451573875e-01
3.341634757100148123e-01
3.813462212160693698e-01
2.828937745805218396e-01
2.576501490133432659e-01
2.733768662289567386e-01
3.091378420099163971e-01
4.493982416979471761e-01
1.915761535566306017e-01
4.621813836262869124e-01
3.743334164068138903e-01
1.780496003057528975e-01
3.761227789188590354e-01
2.344896871956573536e-01
2.767021424950154573e-01
1.237162215091163753e-01
3.325635400415754006e-01
2.281459805338520996e-01
4.372675457541480570e-01
5.273061186030852943e-01
3.808081096132830967e-01
2.885087766444717761e-01
2.475052599585196855e-01
3.974036893212227195e-01
4.648880843108532668e-01
4.090518482496260377e-01
4.798728529393427866e-01
3.838383650199311270e-01
3.775117002162422519e-01
2.658988740956382824e-01
4.606481782587205087e-01
-6.003428076640227040e-04
1.837740926495165517e-01
3.215380470657824286e-01
6.222051698553776600e-02
3.926433768933941248e-01
3.306707352919279197e-01
4.450521092686430258e-01
3.345289010253467699e-01
2.330419386597957221e-01
4.718822587391697798e-01
2.415871048310525848e-01
3.093504934072850987e-01
1.729811433472443483e-01
1.613593854862148680e-01
4.823537243230564542e-01
4.770126171129902559e-01
5.824933316372751246e-01
1.706213139871440854e-01
2.437995925288942434e-01
2.959938801136008379e-01
1.970008455630632427e-01
3.452570056172082902e-02
2.334947251206834218e-01
1.888383407824122395e-01
1.143373461026595816e-01
3.305803275545579067e-01
2.583227385227826467e-02
4.131938978521865202e-01
6.996390018081222184e-03
2.570673412347944664e-01
3.428188657269631290e-01
3.477194363906707664e-01
2.844631207009639673e-01
3.672798592142458296e-01
1.389764884027650527e-01
5.111935958737091612e-01
3.507749604881904570e-01
4.693454188988421816e-01
4.459406214392983570e-01
3.820153593486317334e-01
2.983210179815918850e-01
2.839092294100492020e-01
4.665197897103303681e-01
3.225923167399682434e-01
4.718973742719295705e-01
2.204983386555822711e-01
3.637429710129827520e-01
3.590993075415577773e-01
2.561543074061706782e-01
3.015383290176442133e-01
4.864956865949993103e-01
3.544616570513157150e-01
1.006277860354340692e-01
4.534180439798097817e-01
2.452712731929851953e-01
2.521266620389056579e-02
2.756607694777759021e-01
2.743610581297505902e-01
4.534709002215406848e-01
2.649772239092109682e-01
3.188711369573464238e-01
3.624905186507404453e-01
3.628120375264082820e-01
3.786004963976422610e-01
1.661364417281508410e-01
4.755940751030011127e-01
3.183147674928294424e-01
4.972537224324776739e-01
4.861865006785744958e-01
1.521054188538069341e-01
3.803730268791070679e-01
4.413064098509408284e-01
2.321839441241482227e-01
3.117220448316916359e-01
2.440668305637901381e-01
3.324462067880335492e-01
-2.681210598486138963e-03
4.463234525786502482e-01
2.851847393365433692e-01
2.582037394291729071e-01
4.608691864353265943e-01
3.335156058162600523e-01
2.869916697147429363e-01
2.804572121683199803e-01
2.907547608493499802e-01
4.860988707482095661e-01
2.788915169102303415e-01
3.786066156351461376e-01
3.441188201469028707e-01
8.195574072729365778e-01
1.352317671531955423e-01
2.970868640608441691e-01
2.969861922154097833e-01
3.488576347915913756e-01
3.411169343600029547e-01
5.580391934584842950e-01
2.748385250682679470e-01
4.220928384392563237e-01
4.261209260876864802e-01
1.967723453631929909e-01
2.765649621286641047e-01
1.597387085672366258e-01
3.491258063441294301e-01
3.310562512927284762e-01
2.437915964001561020e-01
3.359207745990964167e-01
9.398714096799359874e-02
3.052167844764266391e-01
4.345306481535775589e-01
2.215163955882611946e-01
2.538276397239771498e-01
2.840493734710846097e-01
2.471340087793069407e-01
2.237999605946041359e-01
3.498138830794641496e-01
4.769828024438553249e-01
1.954902354266736808e-01
1.580169981580828442e-01
4.546508885786820775e-01
5.070536355037938980e-01
2.929427798542483252e-01
3.439782986112074892e-01
4.528777970714114032e-01
3.734701108059856334e-01
2.205906382677288169e-01
1.794632805826097965e-01
2.476974180332804365e-01
2.623900534646093630e-01
2.086561828225082516e-01
2.479548774032979686e-01
2.908048992878782268e-01
1.374377623091747047e-01
2.477071467186399423e-01
2.969557178196929326e-01
4.257835864299975293e-01
3.787745602427332048e-01
3.254792455404291185e-01
4.483751970803364628e-01
4.658039602772512389e-01
1.609722269746360901e-01
4.881481342054928563e-01
3.084190553870793106e-01
1.910503630617231274e-01
2.993486929092745163e-01
4.038225083543760530e-01
3.865397755899668275e-01
4.025029887912096038e-01
2.020795469102447395e-01
2.951144167156578568e-01
5.163567915647329087e-01
4.785467106087556988e-01
1.893812386007669435e-01
2.621778303512757868e-01
4.681720571350169169e-01
3.618128994746372395e-01
1.741617774359070225e-01
3.527751023515407480e-01
2.313659494490389879e-01
4.502791228749976060e-01
2.982557829452076592e-01
4.082609998737218304e-01
4.483410243800078909e-01
1.763830159220189375e-01
8.686576267589557476e-02
3.544282379932540694e-01
4.085653914418735377e-01
3.286263139903505826e-01
3.400866861142503583e-01
3.404214941532685001e-01
2.433557099777294841e-01
2.676762407617720441e-01
3.347784941734168740e-01
3.394099606623182663e-01
3.263870559700162155e-01
5.902228428563913720e-01
3.958568927339143895e-01
2.591486711054766245e-01
2.604645200067684518e-02
3.041384711692274312e-01
4.661783685341082117e-01
4.929651192845181384e-01
1.401683429581223050e-01
4.758969309527547598e-01
